0.000000, -1.650000, 0.200000, 0.385500, 0.000000, 0.000000, 0.000000, -0.600000, 0.000000, 0.000000, 0.000000, 0.000000, 0.650000, 0.000000, 0.000000, 0.000000, -0.750000, -0.400000, -0.300000, -0.400000, 0.000000, 0.000000, 0.000000
0.000000, -1.650000, 0.200000, 0.385500, 0.000000, 0.000000, 0.000000, -0.600000, 0.000000, 0.000000, 0.000000, 0.000000, 0.650000, 0.000000, 0.000000, 0.000000, -0.750000, -0.400000, -0.300000, -0.400000, 0.000000, 0.000000, 0.000000
0.000000, -1.650000, 0.200000, 0.385500, 0.000000, 0.000000, 0.000000, -0.600000, 0.000000, 0.000000, 0.000000, 0.000000, 0.650000, 0.000000, 0.000000, 0.000000, -0.750000, -0.400000, -0.300000, -0.400000, 0.000000, 0.000000, 0.000000
0.000000, -1.650000, 0.200000, 0.385500, 0.000000, 0.000000, 0.000000, -0.600000, 0.000000, 0.000000, 0.000000, 0.000000, 0.650000, 0.000000, 0.000000, 0.000000, -0.750000, -0.400000, -0.300000, -0.400000, 0.000000, 0.000000, 0.000000
0.000000, -1.650000, 0.200000, 0.385500, 0.000000, 0.000000, 0.000000, -0.600000, 0.000000, 0.000000, 0.000000, 0.000000, 0.650000, 0.000000, 0.000000, 0.000000, -0.750000, -0.400000, -0.300000, -0.400000, 0.000000, 0.000000, 0.000000
0.000000, -1.650000, 0.200000, 0.385500, 0.000000, 0.000000, 0.000000, -0.600000, 0.000000, 0.000000, 0.000000, 0.000000, 0.650000, 0.000000, 0.000000, 0.000000, -0.750000, -0.400000, -0.300000, -0.400000, 0.000000, 0.000000, 0.000000
0.000000, -1.650000, 0.200000, 0.385500, 0.000000, 0.000000, 0.000000, -0.600000, 0.000000, 0.000000, 0.000000, 0.000000, 0.650000, 0.000000, 0.000000, 0.000000, -0.750000, -0.400000, -0.300000, -0.400000, 0.000000, 0.000000, 0.000000
0.000000, -1.650000, 0.200000, 0.385500, 0.000000, 0.000000, 0.000000, -0.600000, 0.000000, 0.000000, 0.000000, 0.000000, 0.650000, 0.000000, 0.000000, 0.000000, -0.750000, -0.400000, -0.300000, -0.400000, 0.000000, 0.000000, 0.000000
0.000000, -1.650000, 0.200000, 0.385500, 0.000000, 0.000000, 0.000000, -0.600000, 0.000000, 0.000000, 0.000000, 0.000000, 0.650000, 0.000000, 0.000000, 0.000000, -0.750000, -0.400000, -0.300000, -0.400000, 0.000000, 0.000000, 0.000000
0.000000, -1.650000, 0.200000, 0.385500, 0.000000, 0.000000, 0.000000, -0.600000, 0.000000, 0.000000, 0.000000, 0.000000, 0.650000, 0.000000, 0.000000, 0.000000, -0.750000, -0.400000, -0.300000, -0.400000, 0.000000, 0.000000, 0.000000
0.000000, -1.650000, 0.200000, 0.385500, 0.000000, 0.000000, 0.000000, -0.600000, 0.000000, 0.000000, 0.000000, 0.000000, 0.650000, 0.000000, 0.000000, 0.000000, -0.750000, -0.400000, -0.300000, -0.400000, 0.000000, 0.000000, 0.000000
0.000000, -1.650000, 0.200000, 0.385500, 0.000000, 0.000000, 0.000000, -0.600000, 0.000000, 0.000000, 0.000000, 0.000000, 0.650000, 0.000000, 0.000000, 0.000000, -0.750000, -0.400000, -0.300000, -0.400000, 0.000000, 0.000000, 0.000000
0.000000, -1.650000, 0.200000, 0.385500, 0.000000, 0.000000, 0.000000, -0.600000, 0.000000, 0.000000, 0.000000, 0.000000, 0.650000, 0.000000, 0.000000, 0.000000, -0.750000, -0.400000, -0.300000, -0.400000, 0.000000, 0.000000, 0.000000
0.000000, -1.650000, 0.200000, 0.385500, 0.000000, 0.000000, 0.000000, -0.600000, 0.000000, 0.000000, 0.000000, 0.000000, 0.650000, 0.000000, 0.000000, 0.000000, -0.750000, -0.400000, -0.300000, -0.400000, 0.000000, 0.000000, 0.000000
0.000000, -1.650000, 0.200000, 0.385500, 0.000000, 0.000000, 0.000000, -0.600000, 0.000000, 0.000000, 0.000000, 0.000000, 0.650000, 0.000000, 0.000000, 0.000000, -0.750000, -0.400000, -0.300000, -0.400000, 0.000000, 0.000000, 0.000000
0.000000, -1.650000, 0.200000, 0.385500, 0.000000, 0.000000, 0.000000, -0.600000, 0.000000, 0.000000, 0.000000, 0.000000, 0.650000, 0.000000, 0.000000, 0.000000, -0.750000, -0.400000, -0.300000, -0.400000, 0.000000, 0.000000, 0.000000
0.000000, -1.650000, 0.200000, 0.385500, 0.000000, 0.000000, 0.000000, -0.600000, 0.000000, 0.000000, 0.000000, 0.000000, 0.650000, 0.000000, 0.000000, 0.000000, -0.750000, -0.400000, -0.300000, -0.400000, 0.000000, 0.000000, 0.000000
0.000000, -1.650000, 0.200000, 0.385500, 0.000000, 0.000000, 0.000000, -0.600000, 0.000000, 0.000000, 0.000000, 0.000000, 0.650000, 0.000000, 0.000000, 0.000000, -0.750000, -0.400000, -0.300000, -0.400000, 0.000000, 0.000000, 0.000000
0.000000, -1.650000, 0.200000, 0.385500, 0.000000, 0.000000, 0.000000, -0.600000, 0.000000, 0.000000, 0.000000, 0.000000, 0.650000, 0.000000, 0.000000, 0.000000, -0.750000, -0.400000, -0.300000, -0.400000, 0.000000, 0.000000, 0.000000
0.000000, -1.650000, 0.200000, 0.385500, 0.000000, 0.000000, 0.000000, -0.600000, 0.000000, 0.000000, 0.000000, 0.000000, 0.650000, 0.000000, 0.000000, 0.000000, -0.750000, -0.400000, -0.300000, -0.400000, 0.000000, 0.000000, 0.000000
0.000000, -1.650000, 0.200000, 0.385500, 0.000000, 0.000000, 0.000000, -0.600000, 0.000000, 0.000000, 0.000000, 0.000000, 0.650000, 0.000000, 0.000000, 0.000000, -0.750000, -0.400000, -0.300000, -0.400000, 0.000000, 0.000000, 0.000000
0.000000, -1.650000, 0.200000, 0.385500, 0.000000, 0.000000, 0.000000, -0.600000, 0.000000, 0.000000, 0.000000, 0.000000, 0.650000, 0.000000, 0.000000, 0.000000, -0.750000, -0.400000, -0.300000, -0.400000, 0.000000, 0.000000, 0.000000
0.0
0.000000, -1.650000, 0.200000, 0.385500, 0.000000, 0.000000, 0.000000, -0.600000, 0.000000, 0.000000, 0.000000, 0.000000, 0.650000, 0.000000, 0.000000, 0.000000, -0.750000, -0.400000, -0.300000, -0.400000, 0.000000, 0.000000, 0.000000
0.000000, -1.650000, 0.200000, 0.385500, 0.000000, 0.000000, 0.000000, -0.600000, 0.000000, 0.000000, 0.000000, 0.000000, 0.650000, 0.000000, 0.000000, 0.000000, -0.750000, -0.400000, -0.300000, -0.400000, 0.000000, 0.000000, 0.000000
0.000000, -1.650000, 0.200000, 0.385500, 0.000000, 0.000000, 0.000000, -0.600000, 0.000000, 0.000000, 0.000000, 0.000000, 0.650000, 0.000000, 0.000000, 0.000000, -0.750000, -0.400000, -0.300000, -0.400000, 0.000000, 0.000000, 0.000000
0.000000, -1.650000, 0.200000, 0.385500, 0.000000, 0.000000, 0.000000, -0.600000, 0.000000, 0.000000, 0.000000, 0.000000, 0.650000, 0.000000, 0.000000, 0.000000, -0.750000, -0.400000, -0.300000, -0.400000, 0.000000, 0.000000, 0.000000
0.000000, -1.650000, 0.200000, 0.385500, 0.000000, 0.000000, 0.000000, -0.600000, 0.000000, 0.000000, 0.000000, 0.000000, 0.650000, 0.000000, 0.000000, 0.000000, -0.750000, -0.400000, -0.300000, -0.400000, 0.000000, 0.000000, 0.000000
0.000000, -1.650000, 0.200000, 0.385500, 0.000000, 0.000000, 0.000000, -0.600000, 0.000000, 0.000000, 0.000000, 0.000000, 0.650000, 0.000000, 0.000000, 0.000000, -0.750000, -0.400000, -0.300000, -0.400000, 0.000000, 0.000000, 0.000000
0.000000, -1.650000, 0.200000, 0.385500, 0.000000, 0.000000, 0.000000, -0.600000, 0.000000, 0.000000, 0.000000, 0.000000, 0.650000, 0.000000, 0.000000, 0.000000, -0.750000, -0.400000, -0.300000, -0.400000, 0.000000, 0.000000, 0.000000
0.000000, -1.650000, 0.200000, 0.385500, 0.000000, 0.000000, 0.000000, -0.600000, 0.000000, 0.000000, 0.000000, 0.000000, 0.650000, 0.000000, 0.000000, 0.000000, -0.750000, -0.400000, -0.300000, -0.400000, 0.000000, 0.000000, 0.000000
0.000000, -1.650000, 0.200000, 0.385500, 0.000000, 0.000000, 0.000000, -0.600000, 0.000000, 0.000000, 0.000000, 0.000000, 0.650000, 0.000000, 0.000000, 0.000000, -0.750000, -0.400000, -0.300000, -0.400000, 0.000000, 0.000000, 0.000000
0.000000, -1.650000, 0.200000, 0.385500, 0.000000, 0.000000, 0.000000, -0.600000, 0.000000, 0.000000, 0.000000, 0.000000, 0.650000, 0.000000, 0.000000, 0.000000, -0.750000, -0.400000, -0.300000, -0.400000, 0.000000, 0.000000, 0.000000
0.000000, -1.650000, 0.200000, 0.385500, 0.000000, 0.000000, 0.000000, -0.600000, 0.000000, 0.000000, 0.000000, 0.000000, 0.650000, 0.000000, 0.000000, 0.000000, -0.750000, -0.400000, -0.300000, -0.400000, 0.000000, 0.000000, 0.000000
0.000000, -1.650000, 0.200000, 0.385500, 0.000000, 0.000000, 0.000000, -0.600000, 0.000000, 0.000000, 0.000000, 0.000000, 0.650000, 0.000000, 0.000000, 0.000000, -0.750000, -0.400000, -0.300000, -0.400000, 0.000000, 0.000000, 0.000000
0.000000, -1.650000, 0.200000, 0.385500, 0.000000, 0.000000, 0.000000, -0.600000, 0.000000, 0.000000, 0.000000, 0.000000, 0.650000, 0.000000, 0.000000, 0.000000, -0.750000, -0.400000, -0.300000, -0.400000, 0.000000, 0.000000, 0.000000
0.000000, -1.650000, 0.200000, 0.385500, 0.000000, 0.000000, 0.000000, -0.600000, 0.000000, 0.000000, 0.000000, 0.000000, 0.650000, 0.000000, 0.000000, 0.000000, -0.750000, -0.400000, -0.300000, -0.400000, 0.000000, 0.000000, 0.000000
0.000000, -1.650000, 0.200000, 0.385500, 0.000000, 0.000000, 0.000000, -0.600000, 0.000000, 0.000000, 0.000000, 0.000000, 0.650000, 0.000000, 0.000000, 0.000000, -0.750000, -0.400000, -0.300000, -0.400000, 0.000000, 0.000000, 0.000000
0.000000, -1.650000, 0.200000, 0.385500, 0.000000, 0.000000, 0.000000, -0.600000, 0.000000, 0.000000, 0.000000, 0.000000, 0.650000, 0.000000, 0.000000, 0.000000, -0.750000, -0.400000, -0.300000, -0.400000, 0.000000, 0.000000, 0.000000
0.000000, -1.650000, 0.200000, 0.385500, 0.000000, 0.000000, 0.000000, -0.600000, 0.000000, 0.000000, 0.000000, 0.000000, 0.650000, 0.000000, 0.000000, 0.000000, -0.750000, -0.400000, -0.300000, -0.400000, 0.000000, 0.000000, 0.000000
0.000000, -1.650000, 0.200000, 0.385500, 0.000000, 0.000000, 0.000000, -0.600000, 0.000000, 0.000000, 0.000000, 0.000000, 0.650000, 0.000000, 0.000000, 0.000000, -0.750000, -0.400000, -0.300000, -0.400000, 0.000000, 0.000000, 0.000000
0.000000, -1.650000, 0.200000, 0.385500, 0.000000, 0.000000, 0.000000, -0.600000, 0.000000, 0.000000, 0.000000, 0.000000, 0.650000, 0.000000, 0.000000, 0.000000, -0.750000, -0.400000, -0.300000, -0.400000, 0.000000, 0.000000, 0.000000
0.000000, -1.650000, 0.200000, 0.385500, 0.000000, 0.000000, 0.000000, -0.600000, 0.000000, 0.000000, 0.000000, 0.000000, 0.650000, 0.000000, 0.000000, 0.000000, -0.750000, -0.400000, -0.300000, -0.400000, 0.000000, 0.000000, 0.000000
0.000000, -1.650000, 0.200000, 0.385500, 0.000000, 0.000000, 0.000000, -0.600000, 0.000000, 0.000000, 0.000000, 0.000000, 0.650000, 0.000000, 0.000000, 0.000000, -0.750000, -0.400000, -0.300000, -0.400000, 0.000000, 0.000000, 0.000000
0.000000, -1.650000, 0.200000, 0.385500, 0.000000, 0.000000, 0.000000, -0.600000, 0.000000, 0.000000, 0.000000, 0.000000, 0.650000, 0.000000, 0.000000, 0.000000, -0.750000, -0.400000, -0.300000, -0.400000, 0.000000, 0.000000, 0.000000
0.0
0.000000, -1.650000, 0.200000, 0.385500, 0.000000, 0.000000, 0.000000, -0.600000, 0.000000, 0.000000, 0.000000, 0.000000, 0.650000, 0.000000, 0.000000, 0.000000, -0.750000, -0.400000, -0.300000, -0.400000, 0.000000, 0.000000, 0.000000
0.000000, -1.650000, 0.200000, 0.385500, 0.000000, 0.000000, 0.000000, -0.600000, 0.000000, 0.000000, 0.000000, 0.000000, 0.650000, 0.000000, 0.000000, 0.000000, -0.750000, -0.400000, -0.300000, -0.400000, 0.000000, 0.000000, 0.000000
0.000000, -1.650000, 0.200000, 0.385500, 0.000000, 0.000000, 0.000000, -0.600000, 0.000000, 0.000000, 0.000000, 0.000000, 0.650000, 0.000000, 0.000000, 0.000000, -0.750000, -0.400000, -0.300000, -0.400000, 0.000000, 0.000000, 0.000000
0.000000, -1.650000, 0.200000, 0.385500, 0.000000, 0.000000, 0.000000, -0.600000, 0.000000, 0.000000, 0.000000, 0.000000, 0.650000, 0.000000, 0.000000, 0.000000, -0.750000, -0.400000, -0.300000, -0.400000, 0.000000, 0.000000, 0.000000
0.000000, -1.650000, 0.200000, 0.385500, 0.000000, 0.000000, 0.000000, -0.600000, 0.000000, 0.000000, 0.000000, 0.000000, 0.650000, 0.000000, 0.000000, 0.000000, -0.750000, -0.400000, -0.300000, -0.400000, 0.000000, 0.000000, 0.000000
0.000000, -1.650000, 0.200000, 0.385500, 0.000000, 0.000000, 0.000000, -0.600000, 0.000000, 0.000000, 0.000000, 0.000000, 0.650000, 0.000000, 0.000000, 0.000000, -0.750000, -0.400000, -0.300000, -0.400000, 0.000000, 0.000000, 0.000000
0.000000, -1.650000, 0.200000, 0.385500, 0.000000, 0.000000, 0.000000, -0.600000, 0.000000, 0.000000, 0.000000, 0.000000, 0.650000, 0.000000, 0.000000, 0.000000, -0.750000, -0.400000, -0.300000, -0.400000, 0.000000, 0.000000, 0.000000
0.000000, -1.650000, 0.200000, 0.385500, 0.000000, 0.000000, 0.000000, -0.600000, 0.000000, 0.000000, 0.000000, 0.000000, 0.650000, 0.000000, 0.000000, 0.000000, -0.750000, -0.400000, -0.300000, -0.400000, 0.000000, 0.000000, 0.000000
0.000000, -1.650000, 0.200000, 0.385500, 0.000000, 0.000000, 0.000000, -0.600000, 0.000000, 0.000000, 0.000000, 0.000000, 0.650000, 0.000000, 0.000000, 0.000000, -0.750000, -0.400000, -0.300000, -0.400000, 0.000000, 0.000000, 0.000000
0.000000, -1.650000, 0.200000, 0.385500, 0.000000, 0.000000, 0.000000, -0.600000, 0.000000, 0.000000, 0.000000, 0.000000, 0.650000, 0.000000, 0.000000, 0.000000, -0.750000, -0.400000, -0.300000, -0.400000, 0.000000, 0.000000, 0.000000
0.000000, -1.650000, 0.200000, 0.385500, 0.000000, 0.000000, 0.000000, -0.600000, 0.000000, 0.000000, 0.000000, 0.000000, 0.650000, 0.000000, 0.000000, 0.000000, -0.750000, -0.400000, -0.300000, -0.400000, 0.000000, 0.000000, 0.000000
0.000000, -1.650000, 0.200000, 0.385500, 0.000000, 0.000000, 0.000000, -0.600000, 0.000000, 0.000000, 0.000000, 0.000000, 0.650000, 0.000000, 0.000000, 0.000000, -0.750000, -0.400000, -0.300000, -0.400000, 0.000000, 0.000000, 0.000000
0.000000, -1.650000, 0.200000, 0.385500, 0.000000, 0.000000, 0.000000, -0.600000, 0.000000, 0.000000, 0.000000, 0.000000, 0.650000, 0.000000, 0.000000, 0.000000, -0.750000, -0.400000, -0.300000, -0.400000, 0.000000, 0.000000, 0.000000
0.000000, -1.650000, 0.200000, 0.385500, 0.000000, 0.000000, 0.000000, -0.600000, 0.000000, 0.000000, 0.000000, 0.000000, 0.650000, 0.000000, 0.000000, 0.000000, -0.750000, -0.400000, -0.300000, -0.400000, 0.000000, 0.000000, 0.000000
0.000000, -1.650000, 0.200000, 0.385500, 0.000000, 0.000000, 0.000000, -0.600000, 0.000000, 0.000000, 0.000000, 0.000000, 0.650000, 0.000000, 0.000000, 0.000000, -0.750000, -0.400000, -0.300000, -0.400000, 0.000000, 0.000000, 0.000000
0.000000, -1.650000, 0.200000, 0.385500, 0.000000, 0.000000, 0.000000, -0.600000, 0.000000, 0.000000, 0.000000, 0.000000, 0.650000, 0.000000, 0.000000, 0.000000, -0.750000, -0.400000, -0.300000, -0.400000, 0.000000, 0.000000, 0.000000
0.000000, -1.650000, 0.200000, 0.385500, 0.000000, 0.000000, 0.000000, -0.600000, 0.000000, 0.000000, 0.000000, 0.000000, 0.650000, 0.000000, 0.000000, 0.000000, -0.750000, -0.400000, -0.300000, -0.400000, 0.000000, 0.000000, 0.000000
0.000000, -1.650000, 0.200000, 0.385500, 0.000000, 0.000000, 0.000000, -0.600000, 0.000000, 0.000000, 0.000000, 0.000000, 0.650000, 0.000000, 0.000000, 0.000000, -0.750000, -0.400000, -0.300000, -0.400000, 0.000000, 0.000000, 0.000000
0.000000, -1.650000, 0.200000, 0.385500, 0.000000, 0.000000, 0.000000, -0.600000, 0.000000, 0.000000, 0.000000, 0.000000, 0.650000, 0.000000, 0.000000, 0.000000, -0.750000, -0.400000, -0.300000, -0.400000, 0.000000, 0.000000, 0.000000
0.000000, -1.650000, 0.200000, 0.385500, 0.000000, 0.000000, 0.000000, -0.600000, 0.000000, 0.000000, 0.000000, 0.000000, 0.650000, 0.000000, 0.000000, 0.000000, -0.750000, -0.400000, -0.300000, -0.400000, 0.000000, 0.000000, 0.000000
0.000000, -1.650000, 0.200000, 0.385500, 0.000000, 0.000000, 0.000000, -0.600000, 0.000000, 0.000000, 0.000000, 0.000000, 0.650000, 0.000000, 0.000000, 0.000000, -0.750000, -0.400000, -0.300000, -0.400000, 0.000000, 0.000000, 0.000000
0.000000, -1.650000, 0.200000, 0.385500, 0.000000, 0.000000, 0.000000, -0.600000, 0.000000, 0.000000, 0.000000, 0.000000, 0.650000, 0.000000, 0.000000, 0.000000, -0.750000, -0.400000, -0.300000, -0.400000, 0.000000, 0.000000, 0.000000
0.0
0.000000, -1.650000, 0.200000, 0.385500, 0.000000, 0.000000, 0.000000, -0.600000, 0.000000, 0.000000, 0.000000, 0.000000, 0.650000, 0.000000, 0.000000, 0.000000, -0.750000, -0.400000, -0.300000, -0.400000, 0.000000, 0.000000, 0.000000
0.000000, -1.650000, 0.200000, 0.385500, 0.000000, 0.000000, 0.000000, -0.600000, 0.000000, 0.000000, 0.000000, 0.000000, 0.650000, 0.000000, 0.000000, 0.000000, -0.750000, -0.400000, -0.300000, -0.400000, 0.000000, 0.000000, 0.000000
0.000000, -1.650000, 0.200000, 0.385500, 0.000000, 0.000000, 0.000000, -0.600000, 0.000000, 0.000000, 0.000000, 0.000000, 0.650000, 0.000000, 0.000000, 0.000000, -0.750000, -0.400000, -0.300000, -0.400000, 0.000000, 0.000000, 0.000000
0.000000, -1.650000, 0.200000, 0.385500, 0.000000, 0.000000, 0.000000, -0.600000, 0.000000, 0.000000, 0.000000, 0.000000, 0.650000, 0.000000, 0.000000, 0.000000, -0.750000, -0.400000, -0.300000, -0.400000, 0.000000, 0.000000, 0.000000
0.000000, -1.650000, 0.200000, 0.385500, 0.000000, 0.000000, 0.000000, -0.600000, 0.000000, 0.000000, 0.000000, 0.000000, 0.650000, 0.000000, 0.000000, 0.000000, -0.750000, -0.400000, -0.300000, -0.400000, 0.000000, 0.000000, 0.000000
0.000000, -1.650000, 0.200000, 0.385500, 0.000000, 0.000000, 0.000000, -0.600000, 0.000000, 0.000000, 0.000000, 0.000000, 0.650000, 0.000000, 0.000000, 0.000000, -0.750000, -0.400000, -0.300000, -0.400000, 0.000000, 0.000000, 0.000000
0.000000, -1.650000, 0.200000, 0.385500, 0.000000, 0.000000, 0.000000, -0.600000, 0.000000, 0.000000, 0.000000, 0.000000, 0.650000, 0.000000, 0.000000, 0.000000, -0.750000, -0.400000, -0.300000, -0.400000, 0.000000, 0.000000, 0.000000
0.000000, -1.650000, 0.200000, 0.385500, 0.000000, 0.000000, 0.000000, -0.600000, 0.000000, 0.000000, 0.000000, 0.000000, 0.650000, 0.000000, 0.000000, 0.000000, -0.750000, -0.400000, -0.300000, -0.400000, 0.000000, 0.000000, 0.000000
0.000000, -1.650000, 0.200000, 0.385500, 0.000000, 0.000000, 0.000000, -0.600000, 0.000000, 0.000000, 0.000000, 0.000000, 0.650000, 0.000000, 0.000000, 0.000000, -0.750000, -0.400000, -0.300000, -0.400000, 0.000000, 0.000000, 0.000000
0.000000, -1.650000, 0.200000, 0.385500, 0.000000, 0.000000, 0.000000, -0.600000, 0.000000, 0.000000, 0.000000, 0.000000, 0.650000, 0.000000, 0.000000, 0.000000, -0.750000, -0.400000, -0.300000, -0.400000, 0.000000, 0.000000, 0.000000
0.000000, -1.650000, 0.200000, 0.385500, 0.000000, 0.000000, 0.000000, -0.600000, 0.000000, 0.000000, 0.000000, 0.000000, 0.650000, 0.000000, 0.000000, 0.000000, -0.750000, -0.400000, -0.300000, -0.400000, 0.000000, 0.000000, 0.000000
0.000000, -1.650000, 0.200000, 0.385500, 0.000000, 0.000000, 0.000000, -0.600000, 0.000000, 0.000000, 0.000000, 0.000000, 0.650000, 0.000000, 0.000000, 0.000000, -0.750000, -0.400000, -0.300000, -0.400000, 0.000000, 0.000000, 0.000000
0.000000, -1.650000, 0.200000, 0.385500, 0.000000, 0.000000, 0.000000, -0.600000, 0.000000, 0.000000, 0.000000, 0.000000, 0.650000, 0.000000, 0.000000, 0.000000, -0.750000, -0.400000, -0.300000, -0.400000, 0.000000, 0.000000, 0.000000
0.000000, -1.650000, 0.200000, 0.385500, 0.000000, 0.000000, 0.000000, -0.600000, 0.000000, 0.000000, 0.000000, 0.000000, 0.650000, 0.000000, 0.000000, 0.000000, -0.750000, -0.400000, -0.300000, -0.400000, 0.000000, 0.000000, 0.000000
0.000000, -1.650000, 0.200000, 0.385500, 0.000000, 0.000000, 0.000000, -0.600000, 0.000000, 0.000000, 0.000000, 0.000000, 0.650000, 0.000000, 0.000000, 0.000000, -0.750000, -0.400000, -0.300000, -0.400000, 0.000000, 0.000000, 0.000000
0.000000, -1.650000, 0.200000, 0.385500, 0.000000, 0.000000, 0.000000, -0.600000, 0.000000, 0.000000, 0.000000, 0.000000, 0.650000, 0.000000, 0.000000, 0.000000, -0.750000, -0.400000, -0.300000, -0.400000, 0.000000, 0.000000, 0.000000
0.000000, -1.650000, 0.200000, 0.385500, 0.000000, 0.000000, 0.000000, -0.600000, 0.000000, 0.000000, 0.000000, 0.000000, 0.650000, 0.000000, 0.000000, 0.000000, -0.750000, -0.400000, -0.300000, -0.400000, 0.000000, 0.000000, 0.000000
0.000000, -1.650000, 0.200000, 0.385500, 0.000000, 0.000000, 0.000000, -0.600000, 0.000000, 0.000000, 0.000000, 0.000000, 0.650000, 0.000000, 0.000000, 0.000000, -0.750000, -0.400000, -0.300000, -0.400000, 0.000000, 0.000000, 0.000000
0.000000, -1.650000, 0.200000, 0.385500, 0.000000, 0.000000, 0.000000, -0.600000, 0.000000, 0.000000, 0.000000, 0.000000, 0.650000, 0.000000, 0.000000, 0.000000, -0.750000, -0.400000, -0.300000, -0.400000, 0.000000, 0.000000, 0.000000
0.000000, -1.650000, 0.200000, 0.385500, 0.000000, 0.000000, 0.000000, -0.600000, 0.000000, 0.000000, 0.000000, 0.000000, 0.650000, 0.000000, 0.000000, 0.000000, -0.750000, -0.400000, -0.300000, -0.400000, 0.000000, 0.000000, 0.000000
0.000000, -1.650000, 0.200000, 0.385500, 0.000000, 0.000000, 0.000000, -0.600000, 0.000000, 0.000000, 0.000000, 0.000000, 0.650000, 0.000000, 0.000000, 0.000000, -0.750000, -0.400000, -0.300000, -0.400000, 0.000000, 0.000000, 0.000000
0.000000, -1.650000, 0.200000, 0.385500, 0.000000, 0.000000, 0.000000, -0.600000, 0.000000, 0.000000, 0.000000, 0.000000, 0.650000, 0.000000, 0.000000, 0.000000, -0.750000, -0.400000, -0.300000, -0.400000, 0.000000, 0.000000, 0.000000
0.0
0.000000, -1.650000, 0.200000, 0.385500, 0.000000, 0.000000, 0.000000, -0.600000, 0.000000, 0.000000, 0.000000, 0.000000, 0.650000, 0.000000, 0.000000, 0.000000, -0.750000, -0.400000, -0.300000, -0.400000, 0.000000, 0.000000, 0.000000
0.000000, -1.650000, 0.200000, 0.385500, 0.000000, 0.000000, 0.000000, -0.600000, 0.000000, 0.000000, 0.000000, 0.000000, 0.650000, 0.000000, 0.000000, 0.000000, -0.750000, -0.400000, -0.300000, -0.400000, 0.000000, 0.000000, 0.000000
0.000000, -1.650000, 0.200000, 0.385500, 0.000000, 0.000000, 0.000000, -0.600000, 0.000000, 0.000000, 0.000000, 0.000000, 0.650000, 0.000000, 0.000000, 0.000000, -0.750000, -0.400000, -0.300000, -0.400000, 0.000000, 0.000000, 0.000000
0.000000, -1.650000, 0.200000, 0.385500, 0.000000, 0.000000, 0.000000, -0.600000, 0.000000, 0.000000, 0.000000, 0.000000, 0.650000, 0.000000, 0.000000, 0.000000, -0.750000, -0.400000, -0.300000, -0.400000, 0.000000, 0.000000, 0.000000
0.000000, -1.650000, 0.200000, 0.385500, 0.000000, 0.000000, 0.000000, -0.600000, 0.000000, 0.000000, 0.000000, 0.000000, 0.650000, 0.000000, 0.000000, 0.000000, -0.750000, -0.400000, -0.300000, -0.400000, 0.000000, 0.000000, 0.000000
0.000000, -1.650000, 0.200000, 0.385500, 0.000000, 0.000000, 0.000000, -0.600000, 0.000000, 0.000000, 0.000000, 0.000000, 0.650000, 0.000000, 0.000000, 0.000000, -0.750000, -0.400000, -0.300000, -0.400000, 0.000000, 0.000000, 0.000000
0.000000, -1.650000, 0.200000, 0.385500, 0.000000, 0.000000, 0.000000, -0.600000, 0.000000, 0.000000, 0.000000, 0.000000, 0.650000, 0.000000, 0.000000, 0.000000, -0.750000, -0.400000, -0.300000, -0.400000, 0.000000, 0.000000, 0.000000
0.000000, -1.650000, 0.200000, 0.385500, 0.000000, 0.000000, 0.000000, -0.600000, 0.000000, 0.000000, 0.000000, 0.000000, 0.650000, 0.000000, 0.000000, 0.000000, -0.750000, -0.400000, -0.300000, -0.400000, 0.000000, 0.000000, 0.000000
0.000000, -1.650000, 0.200000, 0.385500, 0.000000, 0.000000, 0.000000, -0.600000, 0.000000, 0.000000, 0.000000, 0.000000, 0.650000, 0.000000, 0.000000, 0.000000, -0.750000, -0.400000, -0.300000, -0.400000, 0.000000, 0.000000, 0.000000
0.000000, -1.650000, 0.200000, 0.385500, 0.000000, 0.000000, 0.000000, -0.600000, 0.000000, 0.000000, 0.000000, 0.000000, 0.650000, 0.000000, 0.000000, 0.000000, -0.750000, -0.400000, -0.300000, -0.400000, 0.000000, 0.000000, 0.000000
0.000000, -1.650000, 0.200000, 0.385500, 0.000000, 0.000000, 0.000000, -0.600000, 0.000000, 0.000000, 0.000000, 0.000000, 0.650000, 0.000000, 0.000000, 0.000000, -0.750000, -0.400000, -0.300000, -0.400000, 0.000000, 0.000000, 0.000000
0.000000, -1.650000, 0.200000, 0.385500, 0.000000, 0.000000, 0.000000, -0.600000, 0.000000, 0.000000, 0.000000, 0.000000, 0.650000, 0.000000, 0.000000, 0.000000, -0.750000, -0.400000, -0.300000, -0.400000, 0.000000, 0.000000, 0.000000
0.000000, -1.650000, 0.200000, 0.385500, 0.000000, 0.000000, 0.000000, -0.600000, 0.000000, 0.000000, 0.000000, 0.000000, 0.650000, 0.000000, 0.000000, 0.000000, -0.750000, -0.400000, -0.300000, -0.400000, 0.000000, 0.000000, 0.000000
0.000000, -1.650000, 0.200000, 0.385500, 0.000000, 0.000000, 0.000000, -0.600000, 0.000000, 0.000000, 0.000000, 0.000000, 0.650000, 0.000000, 0.000000, 0.000000, -0.750000, -0.400000, -0.300000, -0.400000, 0.000000, 0.000000, 0.000000
0.000000, -1.650000, 0.200000, 0.385500, 0.000000, 0.000000, 0.000000, -0.600000, 0.000000, 0.000000, 0.000000, 0.000000, 0.650000, 0.000000, 0.000000, 0.000000, -0.750000, -0.400000, -0.300000, -0.400000, 0.000000, 0.000000, 0.000000
0.000000, -1.650000, 0.200000, 0.385500, 0.000000, 0.000000, 0.000000, -0.600000, 0.000000, 0.000000, 0.000000, 0.000000, 0.650000, 0.000000, 0.000000, 0.000000, -0.750000, -0.400000, -0.300000, -0.400000, 0.000000, 0.000000, 0.000000
0.000000, -1.650000, 0.200000, 0.385500, 0.000000, 0.000000, 0.000000, -0.600000, 0.000000, 0.000000, 0.000000, 0.000000, 0.650000, 0.000000, 0.000000, 0.000000, -0.750000, -0.400000, -0.300000, -0.400000, 0.000000, 0.000000, 0.000000
0.000000, -1.650000, 0.200000, 0.385500, 0.000000, 0.000000, 0.000000, -0.600000, 0.000000, 0.000000, 0.000000, 0.000000, 0.650000, 0.000000, 0.000000, 0.000000, -0.750000, -0.400000, -0.300000, -0.400000, 0.000000, 0.000000, 0.000000
0.000000, -1.650000, 0.200000, 0.385500, 0.000000, 0.000000, 0.000000, -0.600000, 0.000000, 0.000000, 0.000000, 0.000000, 0.650000, 0.000000, 0.000000, 0.000000, -0.750000, -0.400000, -0.300000, -0.400000, 0.000000, 0.000000, 0.000000
0.000000, -1.650000, 0.200000, 0.385500, 0.000000, 0.000000, 0.000000, -0.600000, 0.000000, 0.000000, 0.000000, 0.000000, 0.650000, 0.000000, 0.000000, 0.000000, -0.750000, -0.400000, -0.300000, -0.400000, 0.000000, 0.000000, 0.000000
0.000000, -1.650000, 0.200000, 0.385500, 0.000000, 0.000000, 0.000000, -0.600000, 0.000000, 0.000000, 0.000000, 0.000000, 0.650000, 0.000000, 0.000000, 0.000000, -0.750000, -0.400000, -0.300000, -0.400000, 0.000000, 0.000000, 0.000000
0.000000, -1.650000, 0.200000, 0.385500, 0.000000, 0.000000, 0.000000, -0.600000, 0.000000, 0.000000, 0.000000, 0.000000, 0.650000, 0.000000, 0.000000, 0.000000, -0.750000, -0.400000, -0.300000, -0.400000, 0.000000, 0.000000, 0.000000
0.0
0.000000, -1.650000, 0.200000, 0.385500, 0.000000, 0.000000, 0.000000, -0.600000, 0.000000, 0.000000, 0.000000, 0.000000, 0.650000, 0.000000, 0.000000, 0.000000, -0.750000, -0.400000, -0.300000, -0.400000, 0.000000, 0.000000, 0.000000
0.000000, -1.650000, 0.200000, 0.385500, 0.000000, 0.000000, 0.000000, -0.600000, 0.000000, 0.000000, 0.000000, 0.000000, 0.650000, 0.000000, 0.000000, 0.000000, -0.750000, -0.400000, -0.300000, -0.400000, 0.000000, 0.000000, 0.000000
0.000000, -1.650000, 0.200000, 0.385500, 0.000000, 0.000000, 0.000000, -0.600000, 0.000000, 0.000000, 0.000000, 0.000000, 0.650000, 0.000000, 0.000000, 0.000000, -0.750000, -0.400000, -0.300000, -0.400000, 0.000000, 0.000000, 0.000000
0.000000, -1.650000, 0.200000, 0.385500, 0.000000, 0.000000, 0.000000, -0.600000, 0.000000, 0.000000, 0.000000, 0.000000, 0.650000, 0.000000, 0.000000, 0.000000, -0.750000, -0.400000, -0.300000, -0.400000, 0.000000, 0.000000, 0.000000
0.000000, -1.650000, 0.200000, 0.385500, 0.000000, 0.000000, 0.000000, -0.600000, 0.000000, 0.000000, 0.000000, 0.000000, 0.650000, 0.000000, 0.000000, 0.000000, -0.750000, -0.400000, -0.300000, -0.400000, 0.000000, 0.000000, 0.000000
0.000000, -1.650000, 0.200000, 0.385500, 0.000000, 0.000000, 0.000000, -0.600000, 0.000000, 0.000000, 0.000000, 0.000000, 0.650000, 0.000000, 0.000000, 0.000000, -0.750000, -0.400000, -0.300000, -0.400000, 0.000000, 0.000000, 0.000000
0.000000, -1.650000, 0.200000, 0.385500, 0.000000, 0.000000, 0.000000, -0.600000, 0.000000, 0.000000, 0.000000, 0.000000, 0.650000, 0.000000, 0.000000, 0.000000, -0.750000, -0.400000, -0.300000, -0.400000, 0.000000, 0.000000, 0.000000
0.000000, -1.650000, 0.200000, 0.385500, 0.000000, 0.000000, 0.000000, -0.600000, 0.000000, 0.000000, 0.000000, 0.000000, 0.650000, 0.000000, 0.000000, 0.000000, -0.750000, -0.400000, -0.300000, -0.400000, 0.000000, 0.000000, 0.000000
0.000000, -1.650000, 0.200000, 0.385500, 0.000000, 0.000000, 0.000000, -0.600000, 0.000000, 0.000000, 0.000000, 0.000000, 0.650000, 0.000000, 0.000000, 0.000000, -0.750000, -0.400000, -0.300000, -0.400000, 0.000000, 0.000000, 0.000000
0.000000, -1.650000, 0.200000, 0.385500, 0.000000, 0.000000, 0.000000, -0.600000, 0.000000, 0.000000, 0.000000, 0.000000, 0.650000, 0.000000, 0.000000, 0.000000, -0.750000, -0.400000, -0.300000, -0.400000, 0.000000, 0.000000, 0.000000
0.000000, -1.650000, 0.200000, 0.385500, 0.000000, 0.000000, 0.000000, -0.600000, 0.000000, 0.000000, 0.000000, 0.000000, 0.650000, 0.000000, 0.000000, 0.000000, -0.750000, -0.400000, -0.300000, -0.400000, 0.000000, 0.000000, 0.000000
0.000000, -1.650000, 0.200000, 0.385500, 0.000000, 0.000000, 0.000000, -0.600000, 0.000000, 0.000000, 0.000000, 0.000000, 0.650000, 0.000000, 0.000000, 0.000000, -0.750000, -0.400000, -0.300000, -0.400000, 0.000000, 0.000000, 0.000000
0.000000, -1.650000, 0.200000, 0.385500, 0.000000, 0.000000, 0.000000, -0.600000, 0.000000, 0.000000, 0.000000, 0.000000, 0.650000, 0.000000, 0.000000, 0.000000, -0.750000, -0.400000, -0.300000, -0.400000, 0.000000, 0.000000, 0.000000
0.000000, -1.650000, 0.200000, 0.385500, 0.000000, 0.000000, 0.000000, -0.600000, 0.000000, 0.000000, 0.000000, 0.000000, 0.650000, 0.000000, 0.000000, 0.000000, -0.750000, -0.400000, -0.300000, -0.400000, 0.000000, 0.000000, 0.000000
0.000000, -1.650000, 0.200000, 0.385500, 0.000000, 0.000000, 0.000000, -0.600000, 0.000000, 0.000000, 0.000000, 0.000000, 0.650000, 0.000000, 0.000000, 0.000000, -0.750000, -0.400000, -0.300000, -0.400000, 0.000000, 0.000000, 0.000000
0.000000, -1.650000, 0.200000, 0.385500, 0.000000, 0.000000, 0.000000, -0.600000, 0.000000, 0.000000, 0.000000, 0.000000, 0.650000, 0.000000, 0.000000, 0.000000, -0.750000, -0.400000, -0.300000, -0.400000, 0.000000, 0.000000, 0.000000
0.000000, -1.650000, 0.200000, 0.385500, 0.000000, 0.000000, 0.000000, -0.600000, 0.000000, 0.000000, 0.000000, 0.000000, 0.650000, 0.000000, 0.000000, 0.000000, -0.750000, -0.400000, -0.300000, -0.400000, 0.000000, 0.000000, 0.000000
0.000000, -1.650000, 0.200000, 0.385500, 0.000000, 0.000000, 0.000000, -0.600000, 0.000000, 0.000000, 0.000000, 0.000000, 0.650000, 0.000000, 0.000000, 0.000000, -0.750000, -0.400000, -0.300000, -0.400000, 0.000000, 0.000000, 0.000000
0.000000, -1.650000, 0.200000, 0.385500, 0.000000, 0.000000, 0.000000, -0.600000, 0.000000, 0.000000, 0.000000, 0.000000, 0.650000, 0.000000, 0.000000, 0.000000, -0.750000, -0.400000, -0.300000, -0.400000, 0.000000, 0.000000, 0.000000
0.000000, -1.650000, 0.200000, 0.385500, 0.000000, 0.000000, 0.000000, -0.600000, 0.000000, 0.000000, 0.000000, 0.000000, 0.650000, 0.000000, 0.000000, 0.000000, -0.750000, -0.400000, -0.300000, -0.400000, 0.000000, 0.000000, 0.000000
0.000000, -1.650000, 0.200000, 0.385500, 0.000000, 0.000000, 0.000000, -0.600000, 0.000000, 0.000000, 0.000000, 0.000000, 0.650000, 0.000000, 0.000000, 0.000000, -0.750000, -0.400000, -0.300000, -0.400000, 0.000000, 0.000000, 0.000000
0.000000, -1.650000, 0.200000, 0.385500, 0.000000, 0.000000, 0.000000, -0.600000, 0.000000, 0.000000, 0.000000, 0.000000, 0.650000, 0.000000, 0.000000, 0.000000, -0.750000, -0.400000, -0.300000, -0.400000, 0.000000, 0.000000, 0.000000
0.0
0.000000, -1.650000, 0.200000, 0.385500, 0.000000, 0.000000, 0.000000, -0.600000, 0.000000, 0.000000, 0.000000, 0.000000, 0.650000, 0.000000, 0.000000, 0.000000, -0.750000, -0.400000, -0.300000, -0.400000, 0.000000, 0.000000, 0.000000
0.000000, -1.650000, 0.200000, 0.385500, 0.000000, 0.000000, 0.000000, -0.600000, 0.000000, 0.000000, 0.000000, 0.000000, 0.650000, 0.000000, 0.000000, 0.000000, -0.750000, -0.400000, -0.300000, -0.400000, 0.000000, 0.000000, 0.000000
0.000000, -1.650000, 0.200000, 0.385500, 0.000000, 0.000000, 0.000000, -0.600000, 0.000000, 0.000000, 0.000000, 0.000000, 0.650000, 0.000000, 0.000000, 0.000000, -0.750000, -0.400000, -0.300000, -0.400000, 0.000000, 0.000000, 0.000000
0.000000, -1.650000, 0.200000, 0.385500, 0.000000, 0.000000, 0.000000, -0.600000, 0.000000, 0.000000, 0.000000, 0.000000, 0.650000, 0.000000, 0.000000, 0.000000, -0.750000, -0.400000, -0.300000, -0.400000, 0.000000, 0.000000, 0.000000
0.000000, -1.650000, 0.200000, 0.385500, 0.000000, 0.000000, 0.000000, -0.600000, 0.000000, 0.000000, 0.000000, 0.000000, 0.650000, 0.000000, 0.000000, 0.000000, -0.750000, -0.400000, -0.300000, -0.400000, 0.000000, 0.000000, 0.000000
0.000000, -1.650000, 0.200000, 0.385500, 0.000000, 0.000000, 0.000000, -0.600000, 0.000000, 0.000000, 0.000000, 0.000000, 0.650000, 0.000000, 0.000000, 0.000000, -0.750000, -0.400000, -0.300000, -0.400000, 0.000000, 0.000000, 0.000000
0.000000, -1.650000, 0.200000, 0.385500, 0.000000, 0.000000, 0.000000, -0.600000, 0.000000, 0.000000, 0.000000, 0.000000, 0.650000, 0.000000, 0.000000, 0.000000, -0.750000, -0.400000, -0.300000, -0.400000, 0.000000, 0.000000, 0.000000
0.000000, -1.650000, 0.200000, 0.385500, 0.000000, 0.000000, 0.000000, -0.600000, 0.000000, 0.000000, 0.000000, 0.000000, 0.650000, 0.000000, 0.000000, 0.000000, -0.750000, -0.400000, -0.300000, -0.400000, 0.000000, 0.000000, 0.000000
0.000000, -1.650000, 0.200000, 0.385500, 0.000000, 0.000000, 0.000000, -0.600000, 0.000000, 0.000000, 0.000000, 0.000000, 0.650000, 0.000000, 0.000000, 0.000000, -0.750000, -0.400000, -0.300000, -0.400000, 0.000000, 0.000000, 0.000000
0.000000, -1.650000, 0.200000, 0.385500, 0.000000, 0.000000, 0.000000, -0.600000, 0.000000, 0.000000, 0.000000, 0.000000, 0.650000, 0.000000, 0.000000, 0.000000, -0.750000, -0.400000, -0.300000, -0.400000, 0.000000, 0.000000, 0.000000
0.000000, -1.650000, 0.200000, 0.385500, 0.000000, 0.000000, 0.000000, -0.600000, 0.000000, 0.000000, 0.000000, 0.000000, 0.650000, 0.000000, 0.000000, 0.000000, -0.750000, -0.400000, -0.300000, -0.400000, 0.000000, 0.000000, 0.000000
0.000000, -1.650000, 0.200000, 0.385500, 0.000000, 0.000000, 0.000000, -0.600000, 0.000000, 0.000000, 0.000000, 0.000000, 0.650000, 0.000000, 0.000000, 0.000000, -0.750000, -0.400000, -0.300000, -0.400000, 0.000000, 0.000000, 0.000000
0.000000, -1.650000, 0.200000, 0.385500, 0.000000, 0.000000, 0.000000, -0.600000, 0.000000, 0.000000, 0.000000, 0.000000, 0.650000, 0.000000, 0.000000, 0.000000, -0.750000, -0.400000, -0.300000, -0.400000, 0.000000, 0.000000, 0.000000
0.000000, -1.650000, 0.200000, 0.385500, 0.000000, 0.000000, 0.000000, -0.600000, 0.000000, 0.000000, 0.000000, 0.000000, 0.650000, 0.000000, 0.000000, 0.000000, -0.750000, -0.400000, -0.300000, -0.400000, 0.000000, 0.000000, 0.000000
0.000000, -1.650000, 0.200000, 0.385500, 0.000000, 0.000000, 0.000000, -0.600000, 0.000000, 0.000000, 0.000000, 0.000000, 0.650000, 0.000000, 0.000000, 0.000000, -0.750000, -0.400000, -0.300000, -0.400000, 0.000000, 0.000000, 0.000000
0.000000, -1.650000, 0.200000, 0.385500, 0.000000, 0.000000, 0.000000, -0.600000, 0.000000, 0.000000, 0.000000, 0.000000, 0.650000, 0.000000, 0.000000, 0.000000, -0.750000, -0.400000, -0.300000, -0.400000, 0.000000, 0.000000, 0.000000
0.000000, -1.650000, 0.200000, 0.385500, 0.000000, 0.000000, 0.000000, -0.600000, 0.000000, 0.000000, 0.000000, 0.000000, 0.650000, 0.000000, 0.000000, 0.000000, -0.750000, -0.400000, -0.300000, -0.400000, 0.000000, 0.000000, 0.000000
0.000000, -1.650000, 0.200000, 0.385500, 0.000000, 0.000000, 0.000000, -0.600000, 0.000000, 0.000000, 0.000000, 0.000000, 0.650000, 0.000000, 0.000000, 0.000000, -0.750000, -0.400000, -0.300000, -0.400000, 0.000000, 0.000000, 0.000000
0.000000, -1.650000, 0.200000, 0.385500, 0.000000, 0.000000, 0.000000, -0.600000, 0.000000, 0.000000, 0.000000, 0.000000, 0.650000, 0.000000, 0.000000, 0.000000, -0.750000, -0.400000, -0.300000, -0.400000, 0.000000, 0.000000, 0.000000
0.000000, -1.650000, 0.200000, 0.385500, 0.000000, 0.000000, 0.000000, -0.600000, 0.000000, 0.000000, 0.000000, 0.000000, 0.650000, 0.000000, 0.000000, 0.000000, -0.750000, -0.400000, -0.300000, -0.400000, 0.000000, 0.000000, 0.000000
0.000000, -1.650000, 0.200000, 0.385500, 0.000000, 0.000000, 0.000000, -0.600000, 0.000000, 0.000000, 0.000000, 0.000000, 0.650000, 0.000000, 0.000000, 0.000000, -0.750000, -0.400000, -0.300000, -0.400000, 0.000000, 0.000000, 0.000000
0.000000, -1.650000, 0.200000, 0.385500, 0.000000, 0.000000, 0.000000, -0.600000, 0.000000, 0.000000, 0.000000, 0.000000, 0.650000, 0.000000, 0.000000, 0.000000, -0.750000, -0.400000, -0.300000, -0.400000, 0.000000, 0.000000, 0.000000
0.0
0.000000, -1.650000, 0.200000, 0.385500, 0.000000, 0.000000, 0.000000, -0.600000, 0.000000, 0.000000, 0.000000, 0.000000, 0.650000, 0.000000, 0.000000, 0.000000, -0.750000, -0.400000, -0.300000, -0.400000, 0.000000, 0.000000, 0.000000
0.000000, -1.650000, 0.200000, 0.385500, 0.000000, 0.000000, 0.000000, -0.600000, 0.000000, 0.000000, 0.000000, 0.000000, 0.650000, 0.000000, 0.000000, 0.000000, -0.750000, -0.400000, -0.300000, -0.400000, 0.000000, 0.000000, 0.000000
0.000000, -1.650000, 0.200000, 0.385500, 0.000000, 0.000000, 0.000000, -0.600000, 0.000000, 0.000000, 0.000000, 0.000000, 0.650000, 0.000000, 0.000000, 0.000000, -0.750000, -0.400000, -0.300000, -0.400000, 0.000000, 0.000000, 0.000000
0.000000, -1.650000, 0.200000, 0.385500, 0.000000, 0.000000, 0.000000, -0.600000, 0.000000, 0.000000, 0.000000, 0.000000, 0.650000, 0.000000, 0.000000, 0.000000, -0.750000, -0.400000, -0.300000, -0.400000, 0.000000, 0.000000, 0.000000
0.000000, -1.650000, 0.200000, 0.385500, 0.000000, 0.000000, 0.000000, -0.600000, 0.000000, 0.000000, 0.000000, 0.000000, 0.650000, 0.000000, 0.000000, 0.000000, -0.750000, -0.400000, -0.300000, -0.400000, 0.000000, 0.000000, 0.000000
0.000000, -1.650000, 0.200000, 0.385500, 0.000000, 0.000000, 0.000000, -0.600000, 0.000000, 0.000000, 0.000000, 0.000000, 0.650000, 0.000000, 0.000000, 0.000000, -0.750000, -0.400000, -0.300000, -0.400000, 0.000000, 0.000000, 0.000000
0.000000, -1.650000, 0.200000, 0.385500, 0.000000, 0.000000, 0.000000, -0.600000, 0.000000, 0.000000, 0.000000, 0.000000, 0.650000, 0.000000, 0.000000, 0.000000, -0.750000, -0.400000, -0.300000, -0.400000, 0.000000, 0.000000, 0.000000
0.000000, -1.650000, 0.200000, 0.385500, 0.000000, 0.000000, 0.000000, -0.600000, 0.000000, 0.000000, 0.000000, 0.000000, 0.650000, 0.000000, 0.000000, 0.000000, -0.750000, -0.400000, -0.300000, -0.400000, 0.000000, 0.000000, 0.000000
0.000000, -1.650000, 0.200000, 0.385500, 0.000000, 0.000000, 0.000000, -0.600000, 0.000000, 0.000000, 0.000000, 0.000000, 0.650000, 0.000000, 0.000000, 0.000000, -0.750000, -0.400000, -0.300000, -0.400000, 0.000000, 0.000000, 0.000000
0.000000, -1.650000, 0.200000, 0.385500, 0.000000, 0.000000, 0.000000, -0.600000, 0.000000, 0.000000, 0.000000, 0.000000, 0.650000, 0.000000, 0.000000, 0.000000, -0.750000, -0.400000, -0.300000, -0.400000, 0.000000, 0.000000, 0.000000
0.000000, -1.650000, 0.200000, 0.385500, 0.000000, 0.000000, 0.000000, -0.600000, 0.000000, 0.000000, 0.000000, 0.000000, 0.650000, 0.000000, 0.000000, 0.000000, -0.750000, -0.400000, -0.300000, -0.400000, 0.000000, 0.000000, 0.000000
0.000000, -1.650000, 0.200000, 0.385500, 0.000000, 0.000000, 0.000000, -0.600000, 0.000000, 0.000000, 0.000000, 0.000000, 0.650000, 0.000000, 0.000000, 0.000000, -0.750000, -0.400000, -0.300000, -0.400000, 0.000000, 0.000000, 0.000000
0.000000, -1.650000, 0.200000, 0.385500, 0.000000, 0.000000, 0.000000, -0.600000, 0.000000, 0.000000, 0.000000, 0.000000, 0.650000, 0.000000, 0.000000, 0.000000, -0.750000, -0.400000, -0.300000, -0.400000, 0.000000, 0.000000, 0.000000
0.000000, -1.650000, 0.200000, 0.385500, 0.000000, 0.000000, 0.000000, -0.600000, 0.000000, 0.000000, 0.000000, 0.000000, 0.650000, 0.000000, 0.000000, 0.000000, -0.750000, -0.400000, -0.300000, -0.400000, 0.000000, 0.000000, 0.000000
0.000000, -1.650000, 0.200000, 0.385500, 0.000000, 0.000000, 0.000000, -0.600000, 0.000000, 0.000000, 0.000000, 0.000000, 0.650000, 0.000000, 0.000000, 0.000000, -0.750000, -0.400000, -0.300000, -0.400000, 0.000000, 0.000000, 0.000000
0.000000, -1.650000, 0.200000, 0.385500, 0.000000, 0.000000, 0.000000, -0.600000, 0.000000, 0.000000, 0.000000, 0.000000, 0.650000, 0.000000, 0.000000, 0.000000, -0.750000, -0.400000, -0.300000, -0.400000, 0.000000, 0.000000, 0.000000
0.000000, -1.650000, 0.200000, 0.385500, 0.000000, 0.000000, 0.000000, -0.600000, 0.000000, 0.000000, 0.000000, 0.000000, 0.650000, 0.000000, 0.000000, 0.000000, -0.750000, -0.400000, -0.300000, -0.400000, 0.000000, 0.000000, 0.000000
0.000000, -1.650000, 0.200000, 0.385500, 0.000000, 0.000000, 0.000000, -0.600000, 0.000000, 0.000000, 0.000000, 0.000000, 0.650000, 0.000000, 0.000000, 0.000000, -0.750000, -0.400000, -0.300000, -0.400000, 0.000000, 0.000000, 0.000000
0.000000, -1.650000, 0.200000, 0.385500, 0.000000, 0.000000, 0.000000, -0.600000, 0.000000, 0.000000, 0.000000, 0.000000, 0.650000, 0.000000, 0.000000, 0.000000, -0.750000, -0.400000, -0.300000, -0.400000, 0.000000, 0.000000, 0.000000
0.000000, -1.650000, 0.200000, 0.385500, 0.000000, 0.000000, 0.000000, -0.600000, 0.000000, 0.000000, 0.000000, 0.000000, 0.650000, 0.000000, 0.000000, 0.000000, -0.750000, -0.400000, -0.300000, -0.400000, 0.000000, 0.000000, 0.000000
0.000000, -1.650000, 0.200000, 0.385500, 0.000000, 0.000000, 0.000000, -0.600000, 0.000000, 0.000000, 0.000000, 0.000000, 0.650000, 0.000000, 0.000000, 0.000000, -0.750000, -0.400000, -0.300000, -0.400000, 0.000000, 0.000000, 0.000000
0.000000, -1.650000, 0.200000, 0.385500, 0.000000, 0.000000, 0.000000, -0.600000, 0.000000, 0.000000, 0.000000, 0.000000, 0.650000, 0.000000, 0.000000, 0.000000, -0.750000, -0.400000, -0.300000, -0.400000, 0.000000, 0.000000, 0.000000
0.0
0.000000, -1.650000, 0.200000, 0.385500, 0.000000, 0.000000, 0.000000, -0.600000, 0.000000, 0.000000, 0.000000, 0.000000, 0.650000, 0.000000, 0.000000, 0.000000, -0.750000, -0.400000, -0.300000, -0.400000, 0.000000, 0.000000, 0.000000
0.000000, -1.650000, 0.200000, 0.385500, 0.000000, 0.000000, 0.000000, -0.600000, 0.000000, 0.000000, 0.000000, 0.000000, 0.650000, 0.000000, 0.000000, 0.000000, -0.750000, -0.400000, -0.300000, -0.400000, 0.000000, 0.000000, 0.000000
0.000000, -1.650000, 0.200000, 0.385500, 0.000000, 0.000000, 0.000000, -0.600000, 0.000000, 0.000000, 0.000000, 0.000000, 0.650000, 0.000000, 0.000000, 0.000000, -0.750000, -0.400000, -0.300000, -0.400000, 0.000000, 0.000000, 0.000000
0.000000, -1.650000, 0.200000, 0.385500, 0.000000, 0.000000, 0.000000, -0.600000, 0.000000, 0.000000, 0.000000, 0.000000, 0.650000, 0.000000, 0.000000, 0.000000, -0.750000, -0.400000, -0.300000, -0.400000, 0.000000, 0.000000, 0.000000
0.000000, -1.650000, 0.200000, 0.385500, 0.000000, 0.000000, 0.000000, -0.600000, 0.000000, 0.000000, 0.000000, 0.000000, 0.650000, 0.000000, 0.000000, 0.000000, -0.750000, -0.400000, -0.300000, -0.400000, 0.000000, 0.000000, 0.000000
0.000000, -1.650000, 0.200000, 0.385500, 0.000000, 0.000000, 0.000000, -0.600000, 0.000000, 0.000000, 0.000000, 0.000000, 0.650000, 0.000000, 0.000000, 0.000000, -0.750000, -0.400000, -0.300000, -0.400000, 0.000000, 0.000000, 0.000000
0.000000, -1.650000, 0.200000, 0.385500, 0.000000, 0.000000, 0.000000, -0.600000, 0.000000, 0.000000, 0.000000, 0.000000, 0.650000, 0.000000, 0.000000, 0.000000, -0.750000, -0.400000, -0.300000, -0.400000, 0.000000, 0.000000, 0.000000
0.000000, -1.650000, 0.200000, 0.385500, 0.000000, 0.000000, 0.000000, -0.600000, 0.000000, 0.000000, 0.000000, 0.000000, 0.650000, 0.000000, 0.000000, 0.000000, -0.750000, -0.400000, -0.300000, -0.400000, 0.000000, 0.000000, 0.000000
0.000000, -1.650000, 0.200000, 0.385500, 0.000000, 0.000000, 0.000000, -0.600000, 0.000000, 0.000000, 0.000000, 0.000000, 0.650000, 0.000000, 0.000000, 0.000000, -0.750000, -0.400000, -0.300000, -0.400000, 0.000000, 0.000000, 0.000000
0.000000, -1.650000, 0.200000, 0.385500, 0.000000, 0.000000, 0.000000, -0.600000, 0.000000, 0.000000, 0.000000, 0.000000, 0.650000, 0.000000, 0.000000, 0.000000, -0.750000, -0.400000, -0.300000, -0.400000, 0.000000, 0.000000, 0.000000
0.000000, -1.650000, 0.200000, 0.385500, 0.000000, 0.000000, 0.000000, -0.600000, 0.000000, 0.000000, 0.000000, 0.000000, 0.650000, 0.000000, 0.000000, 0.000000, -0.750000, -0.400000, -0.300000, -0.400000, 0.000000, 0.000000, 0.000000
0.000000, -1.650000, 0.200000, 0.385500, 0.000000, 0.000000, 0.000000, -0.600000, 0.000000, 0.000000, 0.000000, 0.000000, 0.650000, 0.000000, 0.000000, 0.000000, -0.750000, -0.400000, -0.300000, -0.400000, 0.000000, 0.000000, 0.000000
0.000000, -1.650000, 0.200000, 0.385500, 0.000000, 0.000000, 0.000000, -0.600000, 0.000000, 0.000000, 0.000000, 0.000000, 0.650000, 0.000000, 0.000000, 0.000000, -0.750000, -0.400000, -0.300000, -0.400000, 0.000000, 0.000000, 0.000000
0.000000, -1.650000, 0.200000, 0.385500, 0.000000, 0.000000, 0.000000, -0.600000, 0.000000, 0.000000, 0.000000, 0.000000, 0.650000, 0.000000, 0.000000, 0.000000, -0.750000, -0.400000, -0.300000, -0.400000, 0.000000, 0.000000, 0.000000
0.000000, -1.650000, 0.200000, 0.385500, 0.000000, 0.000000, 0.000000, -0.600000, 0.000000, 0.000000, 0.000000, 0.000000, 0.650000, 0.000000, 0.000000, 0.000000, -0.750000, -0.400000, -0.300000, -0.400000, 0.000000, 0.000000, 0.000000
0.000000, -1.650000, 0.200000, 0.385500, 0.000000, 0.000000, 0.000000, -0.600000, 0.000000, 0.000000, 0.000000, 0.000000, 0.650000, 0.000000, 0.000000, 0.000000, -0.750000, -0.400000, -0.300000, -0.400000, 0.000000, 0.000000, 0.000000
0.000000, -1.650000, 0.200000, 0.385500, 0.000000, 0.000000, 0.000000, -0.600000, 0.000000, 0.000000, 0.000000, 0.000000, 0.650000, 0.000000, 0.000000, 0.000000, -0.750000, -0.400000, -0.300000, -0.400000, 0.000000, 0.000000, 0.000000
0.000000, -1.650000, 0.200000, 0.385500, 0.000000, 0.000000, 0.000000, -0.600000, 0.000000, 0.000000, 0.000000, 0.000000, 0.650000, 0.000000, 0.000000, 0.000000, -0.750000, -0.400000, -0.300000, -0.400000, 0.000000, 0.000000, 0.000000
0.000000, -1.650000, 0.200000, 0.385500, 0.000000, 0.000000, 0.000000, -0.600000, 0.000000, 0.000000, 0.000000, 0.000000, 0.650000, 0.000000, 0.000000, 0.000000, -0.750000, -0.400000, -0.300000, -0.400000, 0.000000, 0.000000, 0.000000
0.000000, -1.650000, 0.200000, 0.385500, 0.000000, 0.000000, 0.000000, -0.600000, 0.000000, 0.000000, 0.000000, 0.000000, 0.650000, 0.000000, 0.000000, 0.000000, -0.750000, -0.400000, -0.300000, -0.400000, 0.000000, 0.000000, 0.000000
0.000000, -1.650000, 0.200000, 0.385500, 0.000000, 0.000000, 0.000000, -0.600000, 0.000000, 0.000000, 0.000000, 0.000000, 0.650000, 0.000000, 0.000000, 0.000000, -0.750000, -0.400000, -0.300000, -0.400000, 0.000000, 0.000000, 0.000000
0.000000, -1.650000, 0.200000, 0.385500, 0.000000, 0.000000, 0.000000, -0.600000, 0.000000, 0.000000, 0.000000, 0.000000, 0.650000, 0.000000, 0.000000, 0.000000, -0.750000, -0.400000, -0.300000, -0.400000, 0.000000, 0.000000, 0.000000
0.0
0.000000, 0.000000, 0.000000, 0.000000, 0.000000, 0.000000, 0.000000, 0.000000, 0.000000, 0.000000, 0.000000, 0.000000, 0.000000, 0.000000, 0.000000, 0.000000, 0.000000, 0.000000, 0.000000, 0.000000, 0.000000, 0.000000, 0.0
-0.600000, -0.100000, 0.000000, 0.000000, 0.000000, 0.000000, 0.000000, 0.000000, 0.000000, 0.000000, 0.000000, 0.000000, 0.000000, 0.000000, 0.000000, 0.000000, 0.000000, 0.000000, 0.000000, 0.000000, 0.000000, 0.000000, 0.0
-1.650000, -0.450000, 0.000000, 0.000000, 0.000000, 0.000000, 0.000000, 0.000000, 0.000000, 0.000000, 0.000000, 0.000000, 0.000000, 0.000000, 0.000000, 0.000000, 0.000000, 0.000000, 0.000000, 0.000000, 0.000000, 0.000000, 0.0
-1.650000, -0.650000, -1.100000, 0.000000, 0.000000, 0.000000, 0.000000, 0.000000, 0.000000, 0.000000, 0.000000, 0.000000, 0.000000, 0.000000, 0.000000, 0.000000, 0.000000, 0.000000, 0.000000, 0.000000, 0.000000, 0.000000, 0.0
-1.650000, -1.500000, 0.100000, 0.000000, 0.000000, 0.000000, 0.000000, 0.000000, 0.000000, 0.000000, 0.000000, 0.000000, 0.000000, 0.000000, 0.000000, 0.000000, 0.000000, 0.000000, 0.000000, 0.000000, 0.000000, 0.000000, 0.0
-1.650000, -1.500000, -1.700000, 0.000000, 0.000000, 0.000000, 0.000000, 0.000000, 0.000000, 0.000000, 0.000000, 0.000000, 0.000000, 0.000000, 0.000000, 0.000000, 0.000000, 0.000000, 0.000000, 0.000000, 0.000000, 0.000000, 0.0
-1.650000, -1.500000, 0.050000, 0.000000, 0.000000, 0.000000, 0.000000, 0.000000, 0.000000, 0.000000, 0.000000, 0.000000, 0.000000, 0.000000, 0.000000, 0.000000, 0.000000, 0.000000, 0.000000, 0.000000, 0.000000, 0.000000, 0.0
-1.650000, -1.500000, -1.700000, 0.000000, 0.000000, 0.000000, 0.000000, 0.000000, 0.000000, 0.000000, 0.000000, 0.000000, 0.000000, 0.000000, 0.000000, 0.000000, 0.000000, 0.000000, 0.000000, 0.000000, 0.000000, 0.000000, 0.0
-1.650000, -1.000000, 0.350000, 0.000000, 0.000000, 0.000000, 0.000000, 0.000000, 0.000000, 0.000000, 0.000000, 0.000000, 0.000000, 0.000000, 0.000000, 0.000000, 0.000000, 0.000000, 0.000000, 0.000000, 0.000000, 0.000000, 0.0
